Year,Quarter,1. Net profit/(loss) before tax,2. Accumulated depreciation,3. Provisions,4. Unrealised foreign exchange gain/loss,5. (Profit)/loss from liquidation of fixed assets,6. Profits/losses from investments,7. Interest expense,8. Interest income and dividend,9. Operating profit/(loss) before changes in WC,10. (Increase)/decrease in receivables,11. (Increase)/decrease in inventories,12. Increase/(decrease) in payables,13. (Increase)/decrease in prepaid expenses,14. Interest paid,15. Business Income Tax Paid,16. Other receipts from operating activities,17. Cash for other business activities,Net cash inflows(outflows) from operating activities,1. Purchases of fixed assets and other long term assets,2. Proceeds from disposal of fixed assets,"3. Loans granted, purchases of debt instruments","4. Collection of loans, proceeds from sales of debts instruments",5. Investments in other entities,6. Proceeds from divestment in other entities,7. Dividends and interest received,Net cash inflows/(outflows) from investing activities,1. Proceeds from issue of shares,2. Payments for share returns and repurchases,3. Proceeds from borrowings,4. Repayment of borrowings,5. Finance lease principal payments,6. Dividends paid,7. Interest received,Net cash inflows/(outflows) from financing activities,Net increase in cash and cash equivalents,Cash and cash equivalents at the beginning period,Effect of foreign exchange differences,Cash and cash equivalents at the end of period
2009,2,2373462940,810495369,100000000,0,0,-309353004,0,0,2974605305,-26511114553,25649888324,13376446163,-546869752,0,-697291427,142111440,-2961469892,11426305608,-634845870,0,0,0,0,0,309353004,-325492866,0,0,0,0,0,0,0,0,11100812742,32660629386,0,43761442128
2009,3,2373462940,1223028132,100000000,0,0,-993430639,2187500,0,2705247933,-19842233885,42953556460,5595008016,-722025368,-2187500,-1279260118,536318124,-1985419790,27959003872,-785104052,0,0,0,216470000,993430639,0,424796587,45000000000,0,0,0,0,-4141440000,0,40858560000,69242360459,32660629386,0,101902989845
2010,1,5351523002,523672362,0,0,0,-664020580,0,0,5211174784,-25775124179,32953703121,-7976538363,-1459088192,0,-1442420542,230103754,0,1741810383,-483363732,0,0,0,-9945580000,664020580,0,-9764923152,0,0,0,0,0,0,0,0,-8023112769,42270291351,0,34247178582
2010,2,13856708305,1075973924,0,0,0,-1187501399,0,0,13745180830,-50157995912,52929098323,-8730180516,-831352799,0,-2780301293,9250000,-1317209810,2866488823,-1470031602,6033742209,0,0,-9945580000,0,1187501399,-4194367994,948919938,0,0,0,0,-9541440000,0,-8592520062,-9920399233,42270291351,0,32349892118
2010,3,17814404874,1737706197,0,0,0,-1444906781,606710013,0,18713914303,-88659718809,54393307327,84420005277,-967587949,-606710013,-4149188897,9250000,-1568562789,61584708450,-4803725783,0,0,0,-34217838547,0,1444906781,-37576657549,0,1223963195,0,0,0,-9541440000,0,-8317476805,15690574096,42270291351,0,57960865447
2011,1,13150876958,742624359,0,0,0,-1422660524,0,0,12470840793,-36449258551,-1182089614,8431818938,140580590,0,-1105753421,0,-4186590512,-21880451777,-7218315201,0,8437500000,0,-10209998948,0,2790993857,-6199820292,100010000000,0,486963172,0,0,-10171758600,0,90325204572,62244932503,106970126235,0,169215058738
2011,3,23387799638,825349380,0,0,0,-1400427067,262878809,1433472395,24509073155,26082936922,-3490679502,-1145523480,892526450,-262878809,-4314887168,6901477916,2061442700,51233488184,-2639076879,0,0,0,-23530210630,0,1524061186,-24645226323,3292575000,0,26296584083,-8617016840,0,-770291500,0,20201850743,46790112604,86936705381,0,133726817985
2011,4,24494657366,1715007560,0,0,0,-2782411544,77728754,0,23504982136,-44339232218,11707419134,22252594002,-10507071052,-77728754,-5259637032,1508366770,0,-1210307014,-917783636,1045933336,0,0,-1156593783,0,2782411544,1753967461,320425000,0,7290756808,0,0,0,0,7611181808,8154842255,133726817985,0,141881660240
2012,1,12579765804,1359380309,0,0,0,-756473543,365649438,0,13548322008,-32958017094,-2841904397,-79967863467,-2915229059,-365649438,-7447492183,6664896,-4945866650,-117887035384,-1369599863,0,0,44945158451,-20412143733,0,756473543,23919888398,70000000000,0,29572956956,-24100718501,0,-23470435500,0,52001802955,-41965344031,141584573932,0,99619229901
2012,2,4832292248,1701167801,0,0,0,-1500501389,318896453,0,5351855113,35606166487,-176376440,-41724604834,1964022139,-318896453,-3616890598,5400132770,4945866650,7431274834,-3716406808,0,-20412143733,-44945158451,20412143733,0,1988651596,-46672913663,11250000000,0,3956869108,-1248104308,0,-11739788136,0,2218976664,-37022662165,99619229901,0,62596567736
2012,3,1375375961,1742737176,0,0,0,-528823090,418835329,0,3008125376,-2462878053,-7378012810,21142608228,-2067517278,-418835329,-1252181306,1058000000,0,11629308828,-2336364706,0,20412143733,0,-25406125983,0,40672883,-7289674073,20000000,0,13105495163,-13246298152,0,-2882473696,0,-3003276685,1336358070,62596567736,0,63932925806
2012,4,422802505,1961601937,0,0,0,-16345898707,4436262993,0,-9525231272,-102910978309,9333388747,64842608024,6974183622,-4436262993,-273837090,0,-4924588589,-40920717860,-812168345,0,0,0,0,0,16345898707,15533730362,105900000,0,29137551783,-5211387442,0,0,0,24032064341,-1354923157,63932925806,0,62578002649
2013,1,418452137,1597751458,0,0,0,-415493253,1802976863,0,3403687205,-22223280877,-26301107684,41281816425,-1263422601,-1802976863,-562646607,48150071,-29671619054,-37091399985,-68382440,0,0,0,0,0,415493253,347110813,0,0,44002006518,-19998077967,0,0,0,24003928551,-12740360621,62578002649,0,49837642028
2013,2,4779476857,1467355219,0,0,0,-272581677,2824696663,0,8798947062,-21249487231,10920283570,-49397938302,-8058802047,-2815425502,-203623463,148730365,29671619054,-32185696494,-1056256732,8181818,0,0,-249400000,0,-415493253,-1712968167,0,0,61038314801,-30488844381,0,-10993681075,0,19555789345,-14342875316,49837642028,0,35494766712
2013,3,5811036197,1348722304,0,0,0,-242379855,3164621717,0,10082000363,16152919874,-5675744206,75188196343,-2166449406,-3287631200,-8650500,2542166367,-84234773820,8592033815,-163644708,-8181818,0,0,249400000,0,930454785,1008028259,0,0,62887686679,-42078686077,0,-1250000000,0,19559000602,29159062676,35494766712,0,64653829388
2013,4,9032499825,1231578901,0,0,0,-212949738,4046685228,0,14097814216,-125109414680,12314353547,76823174093,4233218347,-3901048562,-181464775,1955293136,-64198853409,-83966928087,-701410000,23181818,0,0,0,0,212949738,-465278444,0,0,68036157556,-12252407793,0,0,0,55783749763,-28648456768,64653829388,0,36005372620
2014,1,974916081,1014517100,0,0,0,-152948832,4482275712,0,6318760061,13871001129,-4166379738,-11946355407,-1121808461,-4627912378,-757206617,0,-15356467323,-17786368734,-31000000,0,0,0,0,0,152948832,121948832,0,0,50077897402,-27171573030,0,0,0,22906324372,5241904470,36005372620,0,41247277090
2014,2,11387284175,1461806714,0,0,0,-159784466,5071171213,0,17760477636,16125202774,1102815646,-13461836501,5872046797,-4922914998,-2521553807,268440148,14390128898,34612806593,-1408495091,17000000,0,0,0,0,159784466,-1231710625,0,0,87651854923,-108340791890,0,-901369350,0,-21590306317,11790789651,41247277090,0,53038066741
2014,3,8155826938,1225465638,0,0,0,-196340371,4499973941,0,13684926146,-24661687701,-9277231452,36504786905,2761035938,-4648230156,-3530271902,-116872335,-12050490546,-1334035103,-185400000,0,0,0,0,0,196340371,10940371,0,0,104959198109,-77712489969,0,-67200000,0,27179508140,25856413408,53038066741,0,78894480149
2014,4,13389293969,1224307618,0,0,0,-298069283,6067166201,0,20382698505,59031196079,915386170,713850325,-4878756591,-5811113584,-2517702302,1488988454,5665935804,74990482860,-310563636,43115909,0,0,0,0,298069283,30621556,0,0,169746239671,-146887943315,0,-6733128514,0,16125167842,91146272258,78894480149,0,170040752407
2015,1,7911718649,1110069175,0,0,0,-535762372,3997690634,0,12483716086,-1520232639,-16329554401,8058362819,-1366018728,-4253743251,-3641808499,15746223,-28393545744,-34947078134,0,0,0,0,0,0,535762372,535762372,0,0,184919915381,-208640285598,0,0,0,-23720370217,-58131685979,170040752407,0,111909066428
2015,2,10598405487,967459980,0,0,0,-244748443,4461041646,0,15812938670,-30249074269,-46354402078,5149008383,2057008597,-4309649437,-2606186636,-15746223,26744624244,-33771478749,-3668325989,0,0,0,0,0,244748443,-3423577546,0,0,66454295706,-41459296223,0,0,0,24994999483,-12200056812,111909066428,0,99709009616
2015,3,10629927647,996821213,0,0,0,-237465625,4425809500,0,15830482735,-38071188945,-21254423682,-10283343337,522383822,-4425809500,-2732333792,0,-3155867939,-63570100638,-4274741522,0,0,0,0,0,237465625,-4037275897,0,0,118952143743,-78342569210,0,-17811650000,0,22797924533,-44809452002,99709009616,0,54899557614
2015,4,15509192449,1629842350,0,0,0,-184758728,5615277096,0,22569553167,141473970552,-195219967589,73852683042,-1104213947,-5637708990,-2915308621,1261847245,-7746640182,26534214677,-44719654271,0,0,0,0,0,184758728,-44534895543,0,0,182891840693,-147879501313,0,0,0,35012339380,17011658514,54899557614,0,71911216128
2016,1,6286729704,2858679505,0,0,0,-134931363,6691363940,0,15701841786,-103134241123,46495068562,-56368650145,1092235967,-6820324255,-4043563914,61279464,-1244197278,-108260550936,-2132000000,0,0,0,0,0,134931363,-1997068637,0,0,180595357032,-65716184759,-3438516500,-280000000,0,111160655773,903036200,69878769946,0,70781806146
2016,2,2728984701,3770012381,-177089518,0,0,-580667155,8146818018,0,13888058427,87153813797,-138094096078,82282167193,-5307326604,-8017857703,-1454139878,-61279464,3259033191,33648372881,-2942571946,0,-1118579961,0,0,0,580667155,-3480484752,0,0,129066151896,-100053167659,-3438516500,0,0,25574467737,55742355866,70781806146,0,126524162012
2016,4,30614362585,6224292288,3017030693,0,0,-18460512993,10107198870,0,31502371443,-133297448526,-83707506314,101563795452,7300867842,-9536428580,880797369,0,5299969957,-79993581357,-10782786426,277000000,0,0,0,0,106990241,-10398796185,0,0,150850657568,-100679277345,-3438516500,-850073412,0,45882790311,-44509587231,82985900708,0,38476313477
2017,1,7953391355,3378828048,0,0,0,-373091268,10571756298,0,21530884433,-11708445389,-62867370714,135195362448,-557582667,-11142526588,-2983604258,3086502552,0,70553219817,-6849461113,218181818,0,0,0,0,373091268,-6258188027,0,0,244459773563,-159533529526,-3438516500,-4000950000,0,77486777537,141781809327,45126514470,0,186908323797
2017,2,12415376481,7768011086,-91088505,0,0,591273086,11831116482,0,32514688630,-151270838091,265816039210,-259390441425,-4587490624,-11281901039,-278262971,-3086502552,-1119178000,-132683886862,-6739241380,0,0,2667500000,0,0,72951566,-3998789814,0,0,111540547480,-129393948606,-3438516500,4000950000,0,-17290967626,-153973644302,186908323797,10732025256,43666704751
2017,3,4433244530,-1483526168,0,0,0,-954477317,10981420709,0,12976661754,190805089624,-152490460852,28639177818,1476782043,-11567640264,0,0,-8475869664,61363740459,-271710859,0,-2667500000,0,0,0,210633524,-2728577335,0,0,73050449938,-118402766126,-3438516500,0,0,-48790832688,9844330436,43666704751,-16382186294,37128848893
2018,1,5539687085,3723568942,0,0,0,-120597825,8428345261,0,17571003463,-42688518361,-29480939795,97046837213,2965787147,-8563078761,-754628547,2209341946,0,38305804305,0,153636364,0,0,0,0,120597825,274234189,0,0,118061578742,-188282987547,-3438516500,0,0,-73659925305,-35079886811,74744603419,0,39664716608
2018,2,5194826517,7892693228,0,353127548,0,-1037261480,8301862007,0,20705247820,-26214922609,-48126470857,6646985655,4474022647,-8006565133,105135023,-2209341946,-1873100000,-54499009400,-802983268,792027273,0,0,0,0,91597843,80641848,0,0,219385347668,-157467883964,-3438516500,0,0,58478947204,4060579652,39664716608,-3238061000,40487235260
2018,3,7324359569,-972079127,0,-353127548,0,-8322194919,8864734859,0,6541692834,57196717325,107443474520,-198500062097,3816518621,-9153600159,-3013056557,0,-1881662632,-37549978145,748983268,-687727273,0,0,0,0,2210819761,2272075756,0,0,139159869319,-117823506818,-3242875100,0,0,18093487401,-17184414988,40487235260,3065863053,26368683325
2018,4,-2394870846,2707052304,0,0,0,9008364829,10257387130,0,19577933417,-7453551948,-94120105396,112878951105,2069058338,-9616353723,0,4181545163,3754762632,31272239588,0,756500000,0,0,0,0,-1950184619,-1193684619,0,0,92417232007,-92149923176,-3242875100,0,0,-2975566269,27102988700,26368683325,-2763503219,50708168806
2019,1,12895838441,3928792443,0,0,0,-176927002,13648145716,0,30295849598,-287703182530,357908504529,-91167257405,424970836,-9240838115,-126019854,4934591218,0,5326618277,-60000000,0,0,0,0,0,176927002,116927002,0,0,106354171835,-135635858718,-3242875100,0,0,-32524561983,-27081016704,51467300412,-811228744,23575054964
2019,2,3400675097,261936104,0,0,0,-4303690745,9257606798,0,8616527254,-25547931657,25842932616,8600978318,-341688450,-685811486,-231561273,-4934591218,-2079866399,9238987705,0,6902477672,0,0,0,0,-176927002,6725550670,0,0,84318000000,-92691561342,-3242875100,0,0,-11616436442,4348101933,23575054964,-110208623,27812948274
