Year,Quarter,1. Cash from sales and provide services andother revenue,2. Cash paid to suppliers of goodsand services,3. Cash payments to employees,4. Interest payments,5. Cash paid for corporate incometax,6. Proceeds from business,7. Cash for other business activities,8. Accumulated depreciation,Net cash inflows(outflows) from operating activities,1. Purchases of fixed assets and other long term assets,2. Proceeds from disposal of fixed assets,"3. Loans granted, purchases of debt instruments",4. ,5. Investments in other entities,6. Proceeds from divestment in other entities,7. Dividends and interest received,Net cash inflows/(outflows) from investing activities,1. Proceeds from issue of shares,2. Payments for share returns and repurchases,3. Proceeds from borrowings,4. Repayment of borrowings,5. Finance lease principal payments,6. Dividends paid,7. Interest received,Net cash inflows/(outflows) from financing activities,Net increase in cash and cash equivalents,Cash and cash equivalents at the beginning period,Effect of foreign exchange differences,Cash and cash equivalents at the end of period
2014,4,37700532997,-33205915688,-2234585634,-303335368,-436151165,281717444,-2298927345,0,-496664759,-961548584,9450000,0,0,0,0,2565204,-949533380,0,0,27619543304,-27723873790,0,0,0,-104330486,-1550528625,5641150738,0,4090622113
2015,1,100714366154,-62213589103,-4505596311,-385786137,-2317414522,375603525,-3966151142,0,27701432464,-3679209109,0,0,0,0,0,7741650,-3671467459,0,0,29857787003,-46656871910,0,0,0,-16799084907,7230880098,4090622113,0,11321502211
2015,2,139001248574,-139484990611,-4177160487,-194110574,-760000000,437854144,-7719459337,0,-12896618291,-472326933,0,0,0,0,0,12414433,-459912500,0,0,31217225204,-10462611375,0,-9034401500,0,11720212329,-1636318462,11321502211,0,9685183749
2015,3,53278351537,-39922781223,-3424037846,-359570352,-1270000000,245706374,-3072566717,0,5475101773,-2236317223,90909091,0,0,-8000000000,0,2312172830,-7833235302,0,0,11214933420,-14372484717,0,-2547200000,0,-5704751297,-8062884826,9685183749,0,1622298923
2015,4,57943261277,-45071188330,-3070114401,-486008292,-447729527,279730693,-6218040351,0,2929911069,-2034755333,9090909,0,0,8000000000,0,6994896,5981330472,0,-8000000000,28879138036,-23651962646,0,-4826967500,0,-7599792110,1311449431,1622298923,0,2933748354
2016,1,94801361389,-61480326961,-5216894496,-386503866,-1466258586,238550240,-2843765512,0,23646162208,-1539750000,0,0,0,0,0,5875100,-1533874900,0,0,20824204630,-40869468616,0,0,0,-20045263986,2067023322,2933748354,0,5000771676
2016,2,99325671133,-102674924979,-5346413871,-333042647,-500000000,392459403,-3304363296,0,-12440614257,-12285014000,0,0,0,0,0,3852262,-12281161738,0,0,51835081197,-25937446744,0,0,0,25897634453,1175858458,5000771676,0,6176630134
2016,3,45243944188,-45223328483,-3654881896,-557862978,-1000000000,135759020,-2035751365,0,-7092121514,-59814000,0,0,0,0,0,1995806,-57818194,0,0,30872428315,-22175729321,0,-4525417825,0,4171281169,-2978658539,6176630134,0,3197971595
2016,4,40815403358,-35746735907,-3014857435,-700925559,-1000000000,245752850,-1625674949,0,-1027037642,-306249639,0,0,0,0,0,5011400,-301238239,0,0,37284931091,-29448347076,0,-4536508650,0,3300075365,1971799484,3197971595,0,5169771079
2017,1,99723549810,-39910992990,-5047911477,-566284779,-770390479,333895843,-5005754351,0,48756111577,-1028488280,0,-10000000000,0,0,0,3698966,-11024789314,0,0,14730417708,-55100663281,0,0,0,-40370245573,-2638923310,5169771079,0,2530847769
2017,2,87946052514,-93366476702,-4617509494,-318048175,-500000000,351168668,-1103070539,0,-11607883728,-408570000,34925000,0,10000000000,0,0,40232208,9666587208,0,0,48227796855,-42435609855,0,-4526333650,0,1265853350,-675443170,2530847769,0,1855404599
2017,3,52668034527,-56671542026,-3573141245,-397192739,-1000000000,158320767,-3386983501,0,-12202504217,0,0,0,0,0,0,1219497,1219497,0,0,41582951736,-29366241339,0,0,0,12216710397,15425677,1855404599,0,1870830276
2017,4,48187690338,-46845502978,-3171631256,-453727150,-800000000,345688137,-2687657254,0,-5425140163,-276490400,0,0,0,0,0,3266154,-273224246,0,0,20501162755,-13162482687,0,0,0,7338680068,1640315659,1870830276,0,3511145935
2018,1,106602996295,-49950714116,-4538026899,-501817942,-722415616,311876173,-1520961716,0,49680936179,-62000000,0,-16000000000,0,0,0,2842054,-16059157946,0,0,25787334634,-52053312099,0,-4746100000,0,-31012077465,2609700768,3511145935,0,6120846703
2018,2,81052450412,-93294042853,-4595597785,-317107719,-700000000,303861810,-5672511949,0,-23222948084,-696695818,0,0,16000000000,0,0,72867755,15376171937,0,0,41566080182,-30170477272,0,-4746100000,0,6649502910,-1197273237,6120846703,0,4923573466
2018,3,44944005372,-40531094905,-3470568237,-441705760,-800000000,292927967,-2920362892,0,-2926798455,-32500000,0,-4312000000,1000000000,0,0,2646475,-3341853525,0,0,23041020961,-19589502910,0,0,0,3451518051,-2817133929,4923573466,0,2106439537
2018,4,33464988491,-26174661793,-3373434240,-401131452,-500000000,1576433352,-3627690174,0,964504184,-1581478209,0,0,3312000000,0,0,1214991,1731736782,0,0,17564586601,-18077118961,0,0,0,-512532360,2183708606,2106439537,0,4290148143
2019,1,97567391499,-55855747170,-5246345706,-403760383,-2129350169,274505918,-1708406748,0,32498287241,-1781000000,0,-13100000000,0,0,0,1378608,-14879621392,0,0,33611828979,-42008660480,0,-4746100000,0,-13142931501,4475734348,4290171052,0,8765905400
2019,2,101530367572,-104952515868,-4662950587,-112467174,-734973700,538799756,-3038508011,0,-11432248012,-235000000,0,-6200000000,19300000000,0,0,90065431,12955065431,0,0,41676204095,-43815679079,0,-4746100000,0,-6885574984,-5362757565,8765905400,0,3403147835
2019,3,72007375643,-62701109366,-4624742927,-245973263,-800000000,309089373,-3760681124,0,183958336,-1261061818,0,0,0,0,0,85995061,-1175066757,0,0,41948639146,-41090534697,0,0,0,858104449,-133003972,3403147835,0,3270143863
2019,4,37030733866,-44746474455,-4387545611,-288485482,-600000000,3258699290,-1794544591,0,-11527616983,-1253799140,0,0,0,0,0,905543,-1252893597,0,0,29354243232,-13336691286,0,0,0,16017551946,3237041366,3270143863,0,6507185229
2020,1,110361042031,-55473310227,-6159802579,-315923787,-921625660,260708947,-1500088625,0,46251000100,-215000000,0,-28750000000,12550000000,0,0,51373478,-16363626522,0,0,12640923186,-39800219597,0,-4746100000,0,-31905396411,-2018022833,6507185229,0,4489162396
