Year,Quarter,1. Sales,2. Sales deductions,3. Net sales,4. Cost of sales,5. Gross Profit,6. Financial income,7. of which: interest expenses,Interest expenses,8.Selling expenses,9. General and admin expenses,10 Operating profit/(loss),11. Other incomes,12. Other expenses,13. Net other income/(expenses),13b. Venture company profit/(loss),14. Net accounting profit/(loss) before tax,15. Business income tax - current,16. Business income tax - deferred,17. Business income tax expenses,18. Net profit/(loss) after tax,19. Minority Interests,20. Attributable to parent company,21. EPS Basis,22. EPS Diluted
2005,0,96438244869,-773173940,95665070929,-81492221743,14172849186,37043942,-2097348565,-2096012956,-1587544722,-2471468008,8053531833,0,0,0,0,8053531833,0,0,0,8053531833,0,8053531833,0,0
2006,0,84854028941,-256563600,84597465341,-68702383305,15895082036,68873027,-2215126553,-2154805617,-1262149569,-3384588314,9102090627,8130881,-33614389,-25483508,0,9076607119,0,0,0,9076607119,0,9076607119,7055,0
2007,0,150572119486,-1203877156,149368242330,-133717987402,15650254928,94101521,-3961273223,-3555238573,-1811395453,-3903720698,6067967075,471466091,-452176113,19289978,0,6087257053,-852215987,0,-852215987,5235041066,0,5235041066,2618,0
2008,0,192817409327,-546632440,192270776887,-167138444611,25132332276,519165757,-8576827354,-6488985538,-3906304155,-4739196336,8429170188,589885595,-191575040,398310555,0,8827480743,-1352417706,0,-1352417706,7475063037,0,7475063037,2796,0
2009,0,191687708084,0,191687708084,-160309786701,31377921383,139693151,-7549387105,-4924551338,-3305722523,-10273465419,10389039487,4516476141,-3260907100,1255569041,0,11644608528,-1443039708,0,-1443039708,10201568820,0,10201568820,2976,0
2010,0,246237215477,-50170920,246187044557,-203185442912,43001601645,1217671173,-16758829420,-12151887163,-5495837182,-11461305923,10503300293,257611615,-1173192227,-915580612,0,9587719681,-1314392707,95806187,-1218586520,8369133161,95801423,8273331738,2423,0
2011,0,356991654755,-459414374,356532240381,-311663705976,44868534405,1043971234,-17953291587,-14062278276,-9279243901,-9750138429,8929831722,9629702667,-3393894173,6235808494,0,15165640216,-2570303477,-77219127,-2647522604,12518117612,215952515,12302165097,3602,0
2012,0,305979407085,-970000,305978437085,-258600298194,47378138891,2846696732,-17465947065,-10757841824,-8358944825,-16374164346,8025779387,5655676954,-4775378042,880298912,0,8906078299,-729431704,66440361,-662991343,8243086956,310781306,7932305650,2323,0
2013,0,389685108417,-2664222982,387020885435,-329826180219,57194705216,1399165217,-13062963727,-10414432116,-14015283079,-17717313454,13798310173,640017908,-427164004,212853904,0,14011164077,-2242065615,-46416605,-2288482220,11722681857,23420664,11699261193,3426,0
2014,0,596843323635,-2340495940,594502827695,-507526741156,86976086539,433519988,-15135429638,-11405213958,-17215941330,-24231498561,30826736998,1085040613,-3115945222,-2030904609,0,28795832389,-5941402339,53489827,-5887912512,22907919877,25609821,22882310056,6676,0
2015,0,905862072037,-2018870403,903843201634,-740399372490,163443829144,4055969480,-30186865640,-21152374024,-24802557295,-52837446930,59672928759,3519254001,-1678439339,1840814662,0,61513743421,-8254148305,-92100643,-8346248948,53167494473,8109090201,45058404272,4266,0
2016,0,1457205085950,-2502017744,1454703068206,-1121391704262,333311363944,9338829047,-70320556967,-66127619537,-47063462203,-114109353980,107771290407,9680422902,-2501683575,7178739327,0,114950029734,-19943167183,1420634013,-18522533170,96427496564,10077740953,86349755611,3881,0
2017,0,1506803072391,-2042711558,1504760360833,-1215175888085,289584472748,114154118572,-123407482056,-118151321013,-67769857716,-132200222021,89080431990,7349869216,-9430106283,-2080237067,0,87000194923,-16691041118,2191353993,-14499687125,72500507798,-10848811396,83349319194,1957,0
2018,0,2188193632934,-7371561222,2180822071712,-1824463623536,356358448176,91894304791,-202358425312,-185332963882,-96146414372,-148453141502,18661471266,18867331376,-22348320558,-3480989182,0,15180482084,-8419633031,5485430585,-2934202446,12246279638,-2903477161,15149756799,214,214
2019,0,2824703383376,-25593116058,2799110267318,-2291168460647,507941806671,168923207788,-266755219433,-243954441499,-162007811615,-215826332744,41612916258,14646883733,-16580767331,-1933883598,0,39679032660,-19936804818,7355076676,-12581728142,27097304518,5973770524,21123533994,211,211
