Year,Quarter,1. Sales,2. Sales deductions,3. Net sales,4. Cost of sales,5. Gross Profit,6. Financial income,7. of which: interest expenses,Interest expenses,8.Selling expenses,9. General and admin expenses,10 Operating profit/(loss),11. Other incomes,12. Other expenses,13. Net other income/(expenses),13b. Venture company profit/(loss),14. Net accounting profit/(loss) before tax,15. Business income tax - current,16. Business income tax - deferred,17. Business income tax expenses,18. Net profit/(loss) after tax,19. Minority Interests,20. Attributable to parent company,21. EPS Basis,22. EPS Diluted
2005,0,0,0,0,0,0,0,0,0,0,0,0,0,0,0,0,0,0,0,0,0,0,0,0,0
2006,0,905380587797,-547129815,904833457982,-781853722176,122979735806,1054830116,-24701753016,-20317164254,-38780081193,-35591860785,24960870928,25801768989,-17224554874,8577214115,0,33538085043,0,0,0,33538085043,0,33538085043,0,0
2007,0,1187275899165,0,1187275899165,-1015333118474,171942780691,1328277978,-27846938720,-27652513165,-30660464578,-63330385183,51433270188,14229574283,-8880986388,5348587895,0,56781858083,0,0,0,56781858083,0,56781858083,9464,0
2008,0,1479570816953,0,1479570816953,-1242225145033,237345671920,2259394660,-36298031252,0,-15984496581,-111158032071,76164506676,43146720686,-40879601423,2267119263,0,78431625939,0,0,0,78431625939,0,78431625939,13072,0
2009,0,1797578407877,0,1797578407877,-1602376770669,195201637208,2405073127,-36493864325,0,-8189147446,-75040980323,77882718241,16858243165,-11582508978,5275734187,0,83158452428,-4627025119,0,-4627025119,78531427309,0,78531427309,13089,0
2010,0,2184418251066,0,2184418251066,-1772866715163,411551535903,4141159838,-29490958333,-29490958333,-128618371992,-144386709618,113196655798,13183121904,-18849824319,-5666702415,0,107529953383,-27898164108,0,-27898164108,79631789275,0,79631789275,13272,0
2011,0,2292058396480,0,2292058396480,-1879565291968,412493104512,3474773724,-44213066243,-37108864257,-152867392069,-128901170489,89986249435,39946395331,-28526451557,11419943774,0,101406193209,-26243389137,0,-26243389137,75162804072,0,75162804072,7158,0
2012,0,2117999756332,0,2117999756332,-1756189854697,361809901635,795850857,-47620510384,-47563073108,-137995050222,-116303084583,60687107303,39593444371,-29898040245,9695404126,0,70382511429,-18741435393,0,-18741435393,51641076036,0,51641076036,2582,0
2013,0,2217815146790,0,2217815146790,-1800339382501,417475764289,1829217651,-25835662682,-24720183702,-122591576648,-148214059424,122663683186,11721129091,-31026835390,-19305706299,0,103357976887,-27089820245,0,-27089820245,76268156642,0,76268156642,2962,0
2014,0,1821088102090,0,1821088102090,-1488729140541,332358961549,1629259318,-12120120296,-11004700731,-55130238370,-140424849465,126313012736,32719630997,-15996057802,16723573195,0,143036585931,-32075032569,0,-32075032569,110961553362,0,110961553362,3963,0
2015,0,1366316293138,0,1366316293138,-1109198183136,257118110002,876939863,-5138990911,-5135546230,-64089180249,-129570782984,59196095721,10429436978,-2788481745,7640955233,0,66837050954,-15539142666,0,-15539142666,51297908288,0,51297908288,836,0
2016,0,1216124724486,0,1216124724486,-984287050567,231837673919,2113175429,-15627020735,-15137236397,-51431881942,-127263311637,39628635034,13491471409,-3902731243,9588740166,0,49217375200,-10525124564,0,-10525124564,38692250636,0,38692250636,1046,0
2017,0,1490969566317,0,1490969566317,-1115936444709,375033121608,2518207021,-87994057979,-84465602915,-41742036835,-146859645555,100955588260,9485083155,-1347564188,8137518967,0,109093107227,-21876207013,0,-21876207013,87216900214,0,87216900214,2357,0
2018,0,2164067787098,0,2164067787098,-1759305725991,404762061107,5079871173,-123495570188,-123474348544,-49755510696,-129337443980,107253407416,6028904895,-2204846798,3824058097,0,111077465513,-24081047135,0,-24081047135,86996418378,0,86996418378,2351,0
2019,0,2434694670329,0,2434694670329,-2051314194864,383380475465,3476829047,-158775157064,-158775157064,-34417673835,-133560310743,60104162870,9354574863,-9909377455,-554802592,0,59549360278,-25484801891,0,-25484801891,34064558387,0,34064558387,921,0
