Year,Quarter,1. Sales,2. Sales deductions,3. Net sales,4. Cost of sales,5. Gross Profit,6. Financial income,7. of which: interest expenses,Interest expenses,8.Selling expenses,9. General and admin expenses,10 Operating profit/(loss),11. Other incomes,12. Other expenses,13. Net other income/(expenses),13b. Venture company profit/(loss),14. Net accounting profit/(loss) before tax,15. Business income tax - current,16. Business income tax - deferred,17. Business income tax expenses,18. Net profit/(loss) after tax,19. Minority Interests,20. Attributable to parent company,21. EPS Basis,22. EPS Diluted
2008,0,189677630148,0,189677630148,-170989598837,18688031311,215719929,-3428586376,-2837081061,-159553800,-9900089407,5415521657,54618812,0,54618812,0,5470140469,-1033068326,0,-1033068326,4437072143,0,4437072143,1372,0
2009,0,245307648563,0,245307648563,-181193561356,64114087207,898370054,-9270325936,-5615316727,-58505000,-13972113720,41711512605,23000004,-1023348445,-1000348441,0,40711164164,-7033272777,0,-7033272777,33677891387,0,33677891387,4996,0
2010,0,358768824677,-18260000,358750564677,-259725705236,99024859441,678716768,-13552106024,-8598425377,-4099944540,-28639578886,53411946759,19359124389,-5615625695,13743498694,0,67155445453,-15538610323,18634013,-15519976310,51635469143,1542228532,50093240611,5081,0
2011,0,914579807070,-671531870,913908275200,-693223243595,220685031605,4961268120,-38828551612,-32475485731,-18906377087,-50382939044,117528431982,1184643021,-1152146841,32496180,0,117560928162,-21250801590,0,-21250801590,96310126572,9634831731,86675294841,7474,0
2012,0,1007994977757,-1096000,1007993881757,-745681973689,262311908068,5293785000,-46529921059,-35473520585,-35029073321,-58227118696,127819579992,12789048616,-12730365069,58683547,0,127878263539,-31702080206,3926921888,-27775158318,100103105221,5572839723,94530265498,5756,0
2013,0,1204727195590,-1692000,1204725503590,-1000609829361,204115674229,12950035658,-20764853958,-18157221550,-10544311235,-50887082815,134869461879,25491970760,-23431278870,2060691890,12627458551,149557612320,-26532944649,-6164355570,-32697300219,116860312101,14528127542,102332184559,4694,0
2014,0,1353969468868,0,1353969468868,-1097940152976,256029315892,11001071654,-30878805713,-28426164059,-11817273675,-63153404367,161180903791,140402442968,-149684834864,-9282391896,17422604492,169321116387,-33922428969,-186276604,-34108705573,135212410814,4905630463,130306780351,3042,0
2015,0,1660553370510,0,1660553370510,-1370885993159,289667377351,136029952196,-148160339470,-45565124144,-12483030440,-96275902724,168778056913,45268523465,-45605031578,-336508113,19393057985,187834606785,-33191951479,-30307217,-33222258696,154612348089,12388557655,142223790434,3036,0
2016,0,2107793161326,0,2107793161326,-1774643130341,333150030985,72533215865,-110616155050,-80742512337,-8350063312,-99179948969,215023439524,5343038998,-9839428627,-4496389629,0,210527049895,-34815181492,-30307217,-34845488709,175681561186,20434794498,155246766688,3132,0
2017,0,2320194137013,-2197000,2320191940013,-1983032378058,337159561955,330315927582,-322307193352,-90641294699,-8891853652,-131040050921,217783117929,6910042292,-2931786625,3978255667,0,221761373596,-42638283186,-1569687192,-44207970378,177553403218,11039578746,166513824472,3019,0
2018,0,2846284569828,-738798857,2845545770971,-2417982333909,427563437062,333760173263,-347417595990,-91154672479,-13306299541,-129359192171,271240522623,56721837551,-21680371846,35041465705,0,306281988328,-55019824727,-2562792228,-57582616955,248699371373,2462297734,246237073639,2957,0
2019,0,3091651475015,-460125000,3091191350015,-2656871191247,434320158768,210658393645,-179413305315,-83054243144,-18934170307,-165465268422,281165808369,9893459570,-14468378019,-4574918449,0,276590889920,-63733225003,-1296700267,-65029925270,211560964650,10981525061,200579439589,1863,0
