Year,Quarter,1. Net profit/(loss) before tax,2. Accumulated depreciation,3. Provisions,4. Unrealised foreign exchange gain/loss,5. (Profit)/loss from liquidation of fixed assets,6. Profits/losses from investments,7. Interest expense,8. Interest income and dividend,9. Operating profit/(loss) before changes in WC,10. (Increase)/decrease in receivables,11. (Increase)/decrease in inventories,12. Increase/(decrease) in payables,13. (Increase)/decrease in prepaid expenses,14. Interest paid,15. Business Income Tax Paid,16. Other receipts from operating activities,17. Cash for other business activities,Net cash inflows(outflows) from operating activities,1. Purchases of fixed assets and other long term assets,2. Proceeds from disposal of fixed assets,"3. Loans granted, purchases of debt instruments","4. Collection of loans, proceeds from sales of debts instruments",5. Investments in other entities,6. Proceeds from divestment in other entities,7. Dividends and interest received,Net cash inflows/(outflows) from investing activities,1. Proceeds from issue of shares,2. Payments for share returns and repurchases,3. Proceeds from borrowings,4. Repayment of borrowings,5. Finance lease principal payments,6. Dividends paid,7. Interest received,Net cash inflows/(outflows) from financing activities,Net increase in cash and cash equivalents,Cash and cash equivalents at the beginning period,Effect of foreign exchange differences,Cash and cash equivalents at the end of period
2014,4,36589621449,2134340156,211544000,0,0,-1839656574,-3750900004,0,33344949027,-56369362058,106646247783,-58431403156,4117820602,-2079900000,-350000000,0,0,26878352198,-762895439,-50299797,0,126333087,0,0,66658629,-620203520,0,0,10300000000,-8284728135,0,0,0,2015271865,28273420543,16076069250,0,44349489793
2015,1,3168519302,2231253981,31731600,0,0,-2474726183,4722858542,0,7679637242,-34260758131,64269631333,-57286793892,3213637912,-235445350,-2656207785,0,-70300000,-19346598671,-681719077,0,0,-736456850,0,0,91722016,-1326453911,0,0,0,-16438439334,0,0,0,-16438439334,-37111491916,44286096843,0,7174604927
2015,2,-6303778665,2208764239,52886000,0,0,-1316281173,12412318395,0,7053908796,-11048264791,-4926384059,40199360214,-1018712350,-523883600,-2743029451,0,-149028000,26843966759,-1407019070,254545455,360825850,63543150,0,0,88714653,-639389962,0,0,14771854123,-39018793414,0,16080470136,0,-8166469155,18038107642,7174604927,0,25212712569
2015,3,-17200394862,2221217047,116349200,0,0,3758498978,8941645789,0,-2162683848,7526146307,-6642217363,-8861680268,1581053682,-268084221,-56925264,0,189328000,-8695062975,-15586482494,15495454545,-6270769800,0,0,0,136967724,-6224830025,0,0,6496145660,-9932326257,0,357969198,0,-3078211399,-17998104399,25212712569,0,7214608170
2015,4,31605715786,1719081504,-21154400,0,0,-209373446,908701309,0,34002970753,3784682128,61678924255,-64669148200,1449630647,-1167304220,0,0,0,35079755363,-26426912245,0,4430003150,736456850,0,0,0,-21260452245,0,0,10398342431,599264920,0,-16438439334,0,-5440831983,8378471135,7214608170,0,15593079305
2016,1,-10104666046,1913532432,42308800,0,0,-1786293652,7766860841,0,-2168257625,22290660437,-7134311420,-9632909113,466566488,-439643624,-250462876,0,0,3131642267,-20410701626,150000000,0,1479940800,0,0,77077801,-18703683025,0,0,13560940000,-9630771382,0,0,0,3930168618,-11641872140,15593079305,0,3951207165
2016,2,-9748708381,1842790645,52886000,0,0,-1731656422,7532629845,0,-2052058313,-30324130168,-97898387479,138949428089,1265140500,-663052819,-4207432211,337824765,-913680899,4493651465,18098447168,150000000,0,-1479940800,-1521499449,1479940800,3498912703,20225860422,0,0,14707183425,-24533493056,0,0,0,-9826309631,14893202256,3951207165,0,18844409421
2016,3,-14935180286,1773580350,0,0,0,-983184917,7492628582,0,-6652156271,9015956626,82256948115,36515347014,555761167,-324352194,-3400642615,-337824765,913680899,118542717976,-112620868672,1009000000,0,1479940800,-370000000,-1479940800,-3415991960,-115397860632,0,0,32178342218,-34277736197,0,0,0,-2099393979,1045463365,18844409421,0,19889872786
2016,4,-2202250341,-489770627,-52886000,0,0,2717385594,9101876179,0,9074354805,33664592950,67199061693,-116939625816,9704598552,534989955,1217895087,0,0,4455867226,-14634297762,3763000000,0,0,-2953367043,0,-84245418,-13908910223,0,0,-16960503143,11341102635,0,0,0,-5619400508,-15072443505,19889872786,0,4817429281
2017,1,-9675353032,1477656099,52886000,0,0,-80643520,7015709359,0,-1209745094,-6313137564,6660559402,-21979142103,1691124189,-309111112,0,0,0,-21459452282,-40939820000,46400000000,0,340000000,0,0,80643512,5880823512,0,0,17518290000,-5426110000,0,0,0,12092180000,-3486448770,4817428981,0,1330980211
2017,2,2123273745,1592178825,10577200,0,0,-22095625,7742191132,0,11446125277,-19134594988,-38025347372,36307884586,985520735,309111112,0,0,-110947452,-8222248102,40569135930,-46400000000,0,0,-41939820000,70000000000,22095633,22251411563,0,0,1828087500,-12125802500,0,0,0,-10297715000,3731448461,1330980211,0,5062428672
2017,3,-18467734903,1473731373,-63463200,0,0,-77142464,7182695550,0,-9951913644,23076537669,-1480545219,5485256154,1091859931,-584077779,-1987487609,0,110947452,15760576955,-40569135930,48000000000,0,0,41939820000,-70000000000,77142464,-20552173466,0,0,2750000000,-2165000000,0,0,0,585000000,-4206596511,5062428672,0,855832161
2017,4,-4940496249,306405404,42308800,0,0,-133932824,7650673444,0,2924958575,-4892712997,154043339202,-140403400891,491837761,-574076105,0,0,0,11589945545,0,0,0,0,0,0,133932824,133932824,0,0,1336500000,-8618110000,0,0,0,-7281610000,4442268369,855832161,0,5298100530
2018,1,-2153513764,1488600661,21154400,0,0,-23966926,6650801025,0,5983075396,11078843323,48959563654,-64897880300,1941763540,0,0,0,0,3065365613,0,0,0,0,0,0,23966926,23966926,0,0,2750000000,-2240000000,0,0,0,510000000,3599332539,5298100530,0,8897433069
2018,2,-27498194444,1485559548,74040400,0,0,-77248721,7572255834,0,-18443587383,4648929069,34407663515,-20053357469,1035421050,0,0,0,0,1595068782,0,0,0,0,0,0,77248721,77248721,0,0,2000000000,-11451315546,0,0,0,-9451315546,-7778998043,8897433069,0,1118435026
2018,3,-2954616673,1635275343,0,0,0,-982058387,6429314370,0,4127914653,2074032383,2620777582,-9468559018,1995487353,0,0,0,0,1349652953,0,904838095,0,0,0,0,0,904838095,0,0,0,-2830000000,0,0,0,-2830000000,-575508952,1118435026,0,542926074
2018,4,-9989052668,1671993870,31731600,0,0,-78779026,7476237214,0,-887869010,13621661645,-2245732005,-5161950679,1509356477,0,0,0,0,6835466428,0,0,490000000,-6675487758,0,0,0,-6185487758,0,0,0,0,0,0,0,0,649978670,542926074,0,1192904744
2019,1,-6968981804,1670236314,-42308800,0,0,-77696693,6041532697,0,622781714,-194476701,3117087718,-5141283090,1242225570,0,0,0,0,-353664789,0,0,0,0,0,0,0,0,0,0,0,-70000000,0,0,0,-70000000,-423664789,1192904744,0,769239955
2019,2,-8496360507,1670236314,42308800,0,0,-76521073,7631279411,0,770942945,-393194578,1071082598,-3042245316,1137086156,0,0,0,0,-456328195,0,0,0,0,0,0,154217766,154217766,0,0,0,-230000000,0,0,0,-230000000,-532110429,769239955,0,237129526
2019,3,-9080826870,1670236314,-31731600,0,0,-76918229,6393221830,0,-1126018555,1940609543,1459735579,-2840277506,1271839853,0,0,0,0,705888914,0,0,0,0,0,0,-154217766,-154217766,0,0,550000000,-930000000,0,0,0,-380000000,171671148,237129526,0,408800674
2019,4,-8839333413,1665443814,21154400,0,0,-79328540,6762046742,0,-470016997,-1033326177,8361229892,-8248800455,612384413,0,-50000000,0,0,-828529324,0,0,0,0,0,2504866492,0,2504866492,0,0,0,-270000000,0,0,0,-270000000,1406337168,408800674,0,1815137842
2020,1,-8066009254,1655858814,42308800,0,0,-268606,6108660838,0,-259449408,1635953145,-234278173,-3850677663,1100357311,0,0,0,0,-1608094788,0,0,0,0,0,0,0,0,0,0,0,-20000000,0,0,0,-20000000,-1628094788,1815137842,0,187043054
